A1_Fluo	1	2	3	4	5	6	7	8	9	10	11	12		A1_Abs	1	2	3	4	5	6	7	8	9	10	11	12		A1_Abs_Background	1	2	3	4	5	6	7	8	9	10	11	12
	13102.123	14536.427	15292.438	15943.297	15102.17	14915.284	20006.041	20894.186	21161.604	16842.922	16206.375	15491.102			1.1539	1.107	1.1186	1.191	1.1146	1.0683	1.1086	1.1714	1.1896	1.1431	1.109	1.1953			0.3996	0.3621	0.3644	0.4069	0.3772	0.36	0.3133	0.3301	0.3247	0.3461	0.3519	0.3867
	15646.648	15917.572	15619.27	16603.057	15941.25	15547.876	16168.921	16703.232	16362.219	16147.899	16291.627	15783.92			1.0742	1.0127	1.0163	1.0847	1.0582	1.0023	0.9245	0.9862	0.9311	0.9703	1.0104	1.0675			0.3309	0.3409	0.3523	0.3766	0.3814	0.3621	0.3144	0.3414	0.3207	0.3474	0.3454	0.3417
	14355.014	15747.351	16607.025	16113.451	15118.655	15014.244	16682.438	16410.307	16458.527	15922.728	15957.685	20463.963			1.0525	1.0689	1.0746	1.06	0.973	0.9865	0.9463	0.9574	0.9861	0.9688	0.9727	1.186			0.3417	0.3898	0.3403	0.3522	0.3579	0.367	0.315	0.3173	0.3361	0.3536	0.3277	0.3489
	10278.554	11182.672	9933.103	14687.597	12780.116	11409.277	12192.465	12563.67	12204.078	13019.288	12416.923	12017.479			0.9461	0.9665	0.9735	1.0836	0.9811	0.9244	0.9675	0.95	0.9758	0.9651	0.9944	1.0478			0.4209	0.4783	0.524	0.4293	0.4431	0.4292	0.4657	0.4428	0.4813	0.4371	0.4603	0.4814
	2422.865	2068.179	2160.369	2286.522	2059.499	2254.271	2096.245	2224.325	2199.021	2728.913	2732.382	3175.727			0.83	0.7807	0.8327	0.8016	0.7712	0.782	0.7538	0.7644	0.7992	0.7855	0.8018	0.8697			0.6274	0.6283	0.6693	0.6779	0.624	0.6273	0.627	0.6323	0.6591	0.621	0.6406	0.6628
	1866.119	1768.681	1684.5	1691.143	1739.825	1728.649	1806.145	1836.163	1882.058	1900.02	1966.055	2458.968			0.8404	0.7968	0.8084	0.7849	0.7963	0.7734	0.7706	0.7678	0.7838	0.7727	0.7874	0.8155			0.6534	0.6601	0.648	0.659	0.6447	0.6363	0.6385	0.6318	0.6408	0.6326	0.6387	0.6296
	2119.094	1994.146	1934.012	1945.66	1970.654	1958.677	2009.49	2059.361	2089.049	2164.641	2189.783	2610.424			0.8473	0.7836	0.8233	0.8116	0.7971	0.7866	0.7901	0.7919	0.7685	0.7739	0.7932	0.8325			0.6471	0.6217	0.6648	0.6646	0.6357	0.633	0.6312	0.6337	0.6105	0.6202	0.6317	0.6428
	2292.324	2367.392	2370.327	2372.634	2327.626	2319.709	2480.392	2568.888	2437.879	2547.726	2607.637	2744.245			0.8821	0.8206	0.8174	0.8448	0.8221	0.82	0.814	0.8083	0.8144	0.8158	0.8268	0.8715			0.6107	0.6097	0.6194	0.6394	0.6173	0.6126	0.6095	0.6001	0.6005	0.6054	0.6074	0.5969
																																								
A2_Fluo	1	2	3	4	5	6	7	8	9	10	11	12		A2_Abs	1	2	3	4	5	6	7	8	9	10	11	12		A2_Abs_Background	1	2	3	4	5	6	7	8	9	10	11	12
	12163.073	12450.793	12346.043	11540.288	11685.476	12476.927	14385.439	15069.48	14618.2	14366.321	14244.871	13097.482			1.0692	1.0613	1.0205	0.9818	0.962	1.0121	1.0313	1.0743	1.0662	1.0041	1.0607	1.093			0.4075	0.4173	0.4011	0.4135	0.3922	0.4123	0.3656	0.3627	0.3918	0.3531	0.402	0.4096
	13028.147	12392.589	12361.816	13237.132	13404.842	14613.472	14991.497	14553.875	14532.268	14143.857	13115.126	14336.86			1.1247	1.0914	1.0674	1.0491	1.0738	1.2172	1.0932	1.0441	1.0457	1.0166	0.9782	1.0325			0.4592	0.5065	0.4868	0.4531	0.461	0.54	0.4353	0.419	0.4224	0.4317	0.4173	0.3846
	12647.204	13087.793	11560.277	13138.4	13190.317	12595.309	14269.837	13930.485	13662.932	13023.312	13053.921	13516.311			1.1314	1.1954	1.0558	1.0531	1.0603	1.0386	1.0536	1.0569	1.0237	0.9772	0.9757	1.0192			0.4657	0.5757	0.5207	0.4887	0.4867	0.4807	0.4414	0.4598	0.4374	0.4114	0.4172	0.4033
	7137.271	7322.643	6832.818	7162.53	7063.847	7250.596	8196.847	8464.762	8534.238	8809.706	8368.198	9212.512			0.9806	0.9976	0.9148	0.8868	0.9202	0.9056	0.9858	0.9638	0.9569	0.9668	0.9258	0.9458			0.5869	0.6355	0.6015	0.5556	0.5898	0.5827	0.6199	0.5922	0.5714	0.5955	0.5465	0.5187
	1693.331	1700.459	2306.32	2039.324	1842.956	1921.105	2196.319	2226.096	2176.42	2498.255	2192.257	2861.323			0.8298	0.8568	0.8333	0.8192	0.8092	0.8421	0.8368	0.7714	0.8298	0.8025	0.8145	0.8078			0.6479	0.6878	0.7026	0.7098	0.6808	0.7082	0.7128	0.6333	0.7274	0.6513	0.6507	0.6277
	1687.636	1603.856	1560.212	1585.272	1606.04	1615.992	1731.666	1800.64	1794.43	1859.215	1904.719	2443.546			0.856	0.8966	0.9213	0.8336	0.8305	0.8454	0.8442	0.8057	0.833	0.806	0.7946	0.7951			0.6753	0.7544	0.8089	0.6841	0.6744	0.718	0.7032	0.6614	0.6858	0.6807	0.6415	0.6351
	1996.752	1911.153	1835.733	1844.583	1847.848	1889.948	1932.281	2008.314	2049.89	2245.493	2223.66	2679.853			0.8445	0.8581	0.8033	0.8342	0.8224	0.7987	0.8266	0.7919	0.8073	0.7969	0.7883	0.7694			0.6523	0.6942	0.6392	0.6829	0.6568	0.6473	0.671	0.6323	0.6355	0.6466	0.6234	0.5929
	2234.911	2289.526	2279.671	2306.865	2334.369	2317.571	2419.698	2466.598	2400.626	2424.791	2594.468	2580.62			0.8254	0.7933	0.8413	0.8326	0.8105	0.8065	0.811	0.8055	0.825	0.7853	0.8055	0.8324			0.5904	0.6268	0.6684	0.6563	0.6238	0.6251	0.621	0.6253	0.6321	0.6153	0.6057	0.5959
																																								
A3_Fluo	1	2	3	4	5	6	7	8	9	10	11	12		A3_Abs	1	2	3	4	5	6	7	8	9	10	11	12		A3_Abs_Background	1	2	3	4	5	6	7	8	9	10	11	12
	11822.459	13077.297	13523.101	12919.2	13499.163	13676.806	15657.364	16001.976	15496.243	14369.107	14392.116	14250.972			1.0548	1.0238	1.0133	0.9832	1.0018	0.9773	1.0401	1.0508	1.0261	1.0164	1.0047	1.0512			0.389	0.3704	0.3664	0.366	0.356	0.3373	0.3399	0.3311	0.3227	0.3474	0.3413	0.3434
	14178.203	14066.14	14089.768	13816.925	14045.486	14370	16088.724	16064.261	16563.227	15925.219	15441.448	15808.682			1.1363	1.0781	1.0934	1.0603	1.0628	1.102	1.1022	1.1073	1.1138	1.1389	1.0534	1.0774			0.4109	0.4401	0.4476	0.4443	0.4329	0.4637	0.4285	0.4347	0.414	0.4448	0.3967	0.359
	13461.313	13702.531	13163.673	14736.805	13917.613	13926.124	16151.447	15937.871	16468.096	16088.533	15630.071	15774.029			1.0834	1.1634	1.0869	1.0889	1.0527	1.0583	1.1351	1.0535	1.087	1.1052	1.1094	1.0872			0.4046	0.4901	0.4799	0.455	0.447	0.454	0.4445	0.4201	0.4302	0.4376	0.446	0.3751
	8563.2	9164.675	10538.103	10959.867	10654.406	11425.781	11396.774	10847.519	11333.469	13239.234	10796.137	10267.864			0.9837	0.9971	0.9977	0.9824	0.9585	0.9974	1.0339	0.9497	0.9832	1.0322	0.9836	0.9462			0.5276	0.5429	0.5188	0.4972	0.4798	0.4963	0.5378	0.4904	0.493	0.4869	0.5129	0.4697
	2317.597	1843.453	2367.548	1960.528	1921.635	1908.238	2018.505	1969.197	2220.271	2138.881	2486.413	2720.749			0.8638	0.8826	0.83	0.8268	0.7964	0.8226	0.8038	0.8048	0.8097	0.8085	0.8449	0.8441			0.6666	0.7235	0.6904	0.7273	0.6781	0.6884	0.6997	0.704	0.7048	0.6799	0.6683	0.6773
	1630.626	1550.988	1507.704	1489.934	1583.46	1508.657	1585.259	1638.912	1668.704	1702.587	1768.809	2388.763			0.8925	0.8546	0.8612	0.8423	0.8443	0.8326	0.8503	0.8482	0.833	0.8352	0.8063	0.8026			0.7488	0.6891	0.7171	0.6961	0.6854	0.6779	0.7045	0.7159	0.6783	0.675	0.663	0.6454
	1891.051	1826.099	1697.749	1710.318	1749.611	1757.311	1797.953	1891.316	1931.206	1998.081	2026.247	2509.054			0.9119	0.8393	0.8192	0.8448	0.8267	0.8209	0.8476	0.82	0.8263	0.7933	0.797	0.8028			0.7465	0.675	0.6503	0.6898	0.6593	0.6618	0.6982	0.6521	0.6704	0.634	0.6526	0.6119
	2055.604	2222.285	2181.237	2168.772	2153.103	2241.26	2331.168	2351.048	2321.015	2378.768	2484.694	2522.32			1.0018	0.9032	0.8611	0.8682	0.8491	0.8414	0.8698	0.8635	0.8878	0.8629	0.8873	0.9243			0.7997	0.7265	0.6916	0.6791	0.6581	0.6451	0.6835	0.6754	0.7272	0.6929	0.7171	0.7013
																																								
A4_Fluo	1	2	3	4	5	6	7	8	9	10	11	12		A4_Abs	1	2	3	4	5	6	7	8	9	10	11	12		A4_Abs_Background	1	2	3	4	5	6	7	8	9	10	11	12
	11961.432	11849.042	12218.859	9813.764	10025.207	10466.818	10019.735	10187.47	10974.76	10617.33	11279	12400.362			1.1346	1.1373	1.096	0.9969	0.9986	0.9855	0.9884	1.0164	1.0696	1.097	1.1377	1.2301			0.4206	0.4706	0.4449	0.4672	0.4627	0.4309	0.4728	0.479	0.4978	0.5299	0.5416	0.5269
	11558.223	10794.844	9838.829	8635.741	8894.166	8797.717	7874.475	8016.307	7705.593	7830.303	8090.226	10305.12			1.0427	1.0599	0.9345	0.9376	0.9472	0.9309	0.9333	0.8983	0.9267	0.9087	0.9158	0.9482			0.4058	0.4981	0.4317	0.4967	0.4866	0.4841	0.5207	0.4795	0.5245	0.5062	0.4991	0.4326
	11715.506	11348.065	10607.893	9541.264	9356.689	9998.444	9112.072	8806.347	8901.461	8664.126	9394.495	9905.541			1.0496	1.0507	0.9038	0.8989	0.8815	0.8923	0.9373	0.8915	0.8916	0.9036	0.8729	0.9367			0.416	0.4712	0.4173	0.4692	0.4632	0.4572	0.5058	0.4613	0.4633	0.463	0.4317	0.4256
	7538.089	9048.575	8133.054	7321.303	7090.023	6489.596	6072.283	6165.378	6303.428	6161.882	6948.167	8201.599			0.936	0.9676	0.9163	0.8966	0.8845	0.8923	0.8943	0.8561	0.8747	0.8262	0.8504	0.8932			0.4819	0.4824	0.5011	0.5056	0.5063	0.536	0.5364	0.5204	0.5171	0.4706	0.4897	0.4553
	1561.78	1468.822	1515.979	1402.529	1492.12	1411.205	1579.497	1574.665	1708.697	1667.002	1812.731	2284.168			0.9577	1.0336	0.9483	0.9922	0.9836	1.038	0.9466	0.9555	0.9891	0.909	0.8857	0.8739			0.7808	0.9253	0.8347	0.8926	0.9028	0.94	0.8284	0.8498	0.8822	0.7574	0.7524	0.713
	1583.529	1581.831	1588.902	1487.868	1510.043	1515.453	1567.976	1668.462	1657.439	1704.298	1809.06	2264.518			0.9878	0.9024	1.0532	0.9638	0.9151	0.978	0.9807	0.9833	0.9466	0.9072	0.9284	0.9113			0.8561	0.7413	0.9539	0.8503	0.76	0.8597	0.8724	0.8926	0.8159	0.7752	0.8143	0.751
	1824.464	1833.225	1735.579	1780.44	1737.931	1792.979	1886.082	1933.702	1966.525	2048.269	2049.979	2396.797			1.025	0.9536	0.9796	0.9694	1.02	1.0042	0.9998	0.9504	0.9968	0.9444	0.8691	0.9388			0.8866	0.8116	0.8448	0.8154	0.9034	0.8959	0.8675	0.8138	0.8611	0.8097	0.7032	0.7653
	2094.401	2245.938	2240.103	2168.832	2168.139	2159.596	2214.564	2367.335	2269.287	2348.132	2516.776	2722.648			0.9566	0.9503	0.947	0.9325	0.8899	0.897	1.0261	0.922	0.9776	0.898	0.8689	0.9493			0.7032	0.7646	0.7718	0.7457	0.6779	0.7007	0.887	0.7374	0.8066	0.7018	0.6634	0.7024