A1_Fluo	1	2	3	4	5	6	7	8	9	10	11	12		A1_Abs	1	2	3	4	5	6	7	8	9	10	11	12		A1_Abs_Background	1	2	3	4	5	6	7	8	9	10	11	12
1	20253.062	23399.598	23964.068	20532.426	20212.533	19739.707	21118.598	20598.707	20695.273	14552.75	15989.804	15481.132			1.1335	1.305	1.3057	1.1871	1.1061	1.0656	1.0313	0.9774	1.041	0.972	1.0216	1.0126			0.3053	0.3643	0.3574	0.3796	0.3578	0.3409	0.3245	0.3132	0.344	0.3863	0.3846	0.355
2	21152.639	22846.322	24262.039	20977.779	19718.318	18327.023	19350.777	19957.43	19741.773	14875.089	15218.615	15289.451			1.1639	1.2798	1.3804	1.1857	1.1053	1.0257	0.975	0.9576	0.954	0.9419	0.9625	0.9737			0.3277	0.413	0.4304	0.4205	0.4037	0.37	0.3447	0.3191	0.337	0.3722	0.3855	0.3537
3	21990.131	22667.297	23052.18	19119.062	20783.443	19341.438	18548.287	19653.404	19098.23	15922.281	15614.131	15905.122			1.2071	1.293	1.2217	1.1087	1.146	1.0894	0.9519	0.9571	0.9337	0.9984	0.9643	0.9524			0.3551	0.409	0.3733	0.4247	0.4153	0.412	0.3654	0.3321	0.3427	0.39	0.3634	0.3309
4	21797.02	22110.193	21383.137	18837.928	19579.318	19370.77	19218.613	19264.334	19092.139	15644.361	15712.742	19052.443			1.1717	1.2504	1.0963	1.052	1.0714	1.0424	0.9499	0.9339	0.9158	0.9592	0.9511	1.0498			0.3463	0.417	0.3473	0.3664	0.3939	0.3838	0.3324	0.3344	0.3321	0.3672	0.3625	0.3749
5	19357.6	19880.262	20351.457	21054.17	19658.254	16300.046	19718.574	16058.769	15900.979	15644.912	16260.233	15709.358			1.0584	1.1492	1.0711	1.1168	1.0672	0.9646	0.9735	0.9075	0.9169	0.9197	0.9681	0.8979			0.3491	0.4064	0.3602	0.3852	0.3959	0.3673	0.3596	0.3438	0.3547	0.3679	0.3659	0.315
6	14142.254	18620.576	19064.604	14547.352	14033.212	13891.114	14175.72	13754.767	13844.179	10781.759	11127.234	12058.706			0.9738	1.1087	1.0636	0.9606	0.9311	0.9056	0.8947	0.8504	0.8905	0.8385	0.8472	0.8742			0.383	0.4395	0.4157	0.4213	0.4208	0.4027	0.3861	0.3712	0.3931	0.446	0.4259	0.4013
7	1566.235	1520.387	1536.107	1778.001	1742.494	1787.781	1724.798	1872.41	1924.279	2013.556	2010.29	2246.639			0.7217	0.825	0.7969	0.7425	0.7427	0.7291	0.702	0.6849	0.6931	0.6981	0.7151	0.6905			0.6524	0.8139	0.7691	0.692	0.694	0.6725	0.6285	0.5997	0.6152	0.6148	0.6447	0.5968
8	3376.319	3176.475	3156.368	3503.135	3464.707	3539.501	3610.723	3681.555	3650.234	3759.755	3773.051	4080.06			0.7532	0.7855	0.7846	0.6951	0.7137	0.6828	0.6777	0.6607	0.6737	0.7044	0.6735	0.6501			0.6847	0.7378	0.7383	0.6133	0.6331	0.5838	0.5841	0.5519	0.5701	0.6173	0.5693	0.5344
																																								
B1_Fluo	1	2	3	4	5	6	7	8	9	10	11	12		B1_Abs	1	2	3	4	5	6	7	8	9	10	11	12		B1_Abs_Background	1	2	3	4	5	6	7	8	9	10	11	12
1	15658.493	15817.006	20009.125	19147.814	16589.746	16273.967	19355.83	15814.749	16666.105	13748.366	14525.944	13881.616			0.9437	0.9873	1.0425	1.0444	1.0452	0.9935	0.9683	0.9125	0.9173	0.9274	0.9768	0.9579			0.2703	0.3037	0.3074	0.317	0.3402	0.3242	0.3276	0.3085	0.2965	0.3674	0.3636	0.3422
2	9979.88	10034.554	11298.196	11280.235	11252.055	12099.73	11694.208	11122.309	11231.672	9961.12	9040.022	9244.765			0.8945	0.892	0.8956	0.9296	0.9055	0.982	0.9062	0.875	0.9206	0.896	0.8417	0.8458			0.442	0.4778	0.4504	0.4633	0.4431	0.493	0.4547	0.441	0.4848	0.4822	0.4461	0.4424
3	9440.974	11643.951	11643.014	9887.679	9729.585	9834.309	9834.278	9454.907	9317.629	8141.81	8849.804	9232.911			0.8593	0.9364	0.9126	0.8922	0.9311	0.8985	0.8876	0.8953	0.8691	0.885	0.8359	0.8703			0.4258	0.4642	0.4409	0.4609	0.5001	0.4748	0.4764	0.4722	0.4637	0.5143	0.4613	0.4485
4	9955.509	10866.669	12016.549	9969.304	10114.939	9859.321	10384.222	11023.305	9922.287	8542.615	9886.53	10033.701			0.8512	0.8742	0.8876	0.8947	0.886	0.8542	0.8465	0.8766	0.8364	0.8168	0.8262	0.868			0.4007	0.442	0.395	0.4509	0.4482	0.4285	0.4426	0.4493	0.4267	0.4531	0.4338	0.4269
5	13451.479	14188.156	13932.835	12034.275	11935.083	11347.466	11139.36	10841.321	11387.975	9480.792	10270.529	9990.327			0.912	0.9187	0.9308	0.899	0.9133	0.8824	0.8868	0.8714	0.8807	0.8459	0.8588	0.8756			0.3219	0.3527	0.3559	0.3611	0.3847	0.383	0.4022	0.3818	0.4022	0.4056	0.4315	0.424
6	10369.03	12980.521	13982.267	11661.957	12108.833	11574.449	10541.418	9869.359	9117.887	9015.984	9448.9	9281.322			0.9361	0.9767	1.0067	0.9659	0.9937	0.9525	0.9496	0.9453	0.9279	0.9134	0.9008	0.9213			0.4361	0.4139	0.4143	0.4499	0.4643	0.4484	0.478	0.4848	0.4907	0.4862	0.4884	0.4873
7	4762.787	6399.172	5562.209	4401.992	4585.107	4308.764	4257.811	3959.461	3949.41	4079.196	4183.706	4422.916			1.0625	1.1432	1.09	1.1009	1.1011	1.1194	1.0892	1.0665	1.0638	1.1236	1.1044	1.0491			0.7378	0.7885	0.7771	0.7983	0.8053	0.8469	0.7967	0.7568	0.7877	0.8546	0.8211	0.7497
8	3381.275	3323.447	3412.025	2955.843	3044.699	2978.254	3069.938	3100.683	3073.051	2900.416	3041.22	3305.752			1.6008	1.6375	1.6117	1.6833	1.678	1.6922	1.5579	1.5586	1.5203	1.5999	1.6327	1.5576			1.2765	1.3268	1.2988	1.366	1.3396	1.3685	1.2487	1.281	1.336	1.2767	1.2942	1.2504
