P676_A_Fluo	1	2	3	4	5	6	7	8	9	10	11	12		P676_A_Abs	1	2	3	4	5	6	7	8	9	10	11	12		P676_A_Abs_Background	1	2	3	4	5	6	7	8	9	10	11	12
	20479.645	21638.842	21500.801	21554.785	22325.867	22284.744	21450.34	21408.963	21713.354	22358.766	22161.391	23316.895			0.8912	0.8906	0.9132	0.8921	0.9411	0.9327	0.8898	0.8933	0.918	0.957	0.9413	1.0414			0.1948	0.1955	0.2015	0.1961	0.2065	0.2044	0.203	0.2025	0.2044	0.2131	0.2098	0.2279
	21323.904	21872	22737.215	23705.701	23448.896	22810.838	20066.873	19865.875	20297.422	20415.215	21565.527	21786.174			0.8665	0.8729	0.8898	0.9138	0.8946	0.8967	0.9251	0.9067	0.9447	0.8585	0.9036	0.9363			0.1892	0.1939	0.1957	0.2006	0.1985	0.2064	0.2641	0.2588	0.2746	0.2205	0.2263	0.2295
	21042.605	22343.57	23112.393	22490.836	22777.656	23490.723	15995.077	18854.814	19430.27	21105.078	22173.078	23700.334			0.8421	0.8384	0.869	0.8541	0.8396	0.9054	0.8698	0.9309	0.976	0.8961	0.9754	1.0814			0.1873	0.1907	0.1972	0.1965	0.1921	0.207	0.272	0.3058	0.3006	0.2369	0.2569	0.2596
	21585.041	21736.453	22632.006	22386.889	22331.174	21735.145	15885.242	15978.997	15912.962	20088.887	20817.418	20923.818			0.8452	0.8102	0.8304	0.835	0.8464	0.83	0.8634	0.8627	0.8615	0.8644	0.9068	0.9091			0.1877	0.1936	0.1886	0.2004	0.2063	0.1992	0.2727	0.2883	0.2814	0.2346	0.244	0.228
	23244.543	21811.141	21994.035	20998.205	21425.086	21027.199	20716.428	20604.623	21807.143	20733.172	21501.568	21647.564			1.007	0.8979	0.8943	0.8992	0.9387	0.9139	0.9548	0.9457	1.0307	0.8859	0.9192	0.9522			0.233	0.227	0.2106	0.2267	0.2449	0.2384	0.2477	0.2493	0.2751	0.2259	0.2312	0.2309
	21003.547	19329.566	20241.576	15172.712	13065.811	14233.174	20112.412	20061.863	19744.643	23514.014	24309.373	23741.498			0.9119	0.8715	0.8871	0.9179	0.858	0.9132	0.9975	1.0054	1.0042	1.1145	1.181	1.1731			0.2054	0.2423	0.2386	0.3278	0.3459	0.3647	0.3021	0.3008	0.3046	0.2928	0.3004	0.2952
	18930.602	19126.139	15371.904	8330.907	6546.75	8730.29	11951.286	11504.151	11681.002	11353.72	12523.841	11680.691			0.8984	0.8928	0.8651	0.7854	0.7619	0.8231	1.0689	1.1239	1.2053	1.1471	1.1785	1.0794			0.2333	0.2466	0.2789	0.4423	0.4862	0.4633	0.5855	0.6418	0.6808	0.6587	0.6552	0.603
	15610.514	19920.057	15197.512	1936.562	1988.983	1806.7	3317.044	3347.915	3387.423	3536.162	3619.414	3652.832			0.9206	1.0438	0.8842	0.6704	0.6719	0.6747	1.1559	1.2894	1.2025	1.1407	1.1655	1.2146			0.2643	0.2981	0.2707	0.5563	0.5605	0.5476	0.9929	1.0743	1.0268	0.9682	1.0232	1.0475
																																								
P676cse_A_Fluo	1	2	3	4	5	6	7	8	9	10	11	12		P676cse_A_Abs	1	2	3	4	5	6	7	8	9	10	11	12		P676cse_A_Abs_Background	1	2	3	4	5	6	7	8	9	10	11	12
	12545.247	11453.629	11699.034	12770.795	13275.705	12296.284	13113.762	13236.316	13162.261	13708.143	13937.229	14635.843			0.8627	0.8129	0.8088	0.8681	0.8745	0.8339	0.8577	0.8772	0.8907	0.9211	0.8873	0.9658			0.3192	0.3225	0.3124	0.3285	0.3246	0.3215	0.3113	0.3222	0.3387	0.346	0.3173	0.3368
	13405.979	14880.358	13486.46	18934.223	15502.869	16307.772	12599.298	12869.621	13925.331	14562.126	14045.269	16222.796			0.8729	0.9194	0.9244	1.002	0.9292	0.9915	0.931	0.9003	0.9692	0.9492	0.964	1.0478			0.3166	0.3188	0.3531	0.3286	0.3044	0.3267	0.4108	0.3922	0.4195	0.3779	0.3743	0.3682
	13242.837	13793.036	13564.874	15224.374	15018.328	15297.919	12135.9	11484.017	12000.924	13291.824	13421.995	12625.393			0.8579	0.8732	0.8595	0.8928	0.8897	0.8837	0.8631	0.8379	0.8515	0.8428	0.8539	0.8721			0.3214	0.3307	0.3321	0.3081	0.3085	0.288	0.3778	0.3776	0.3911	0.3269	0.3503	0.3443
	14161.886	13658.721	14661.325	13989.21	13379.072	13700.697	12127.4	12459.299	12170.56	13697.728	13445.3	13613.529			0.9105	0.8907	0.8927	0.8708	0.8712	0.8501	0.8461	0.8394	0.86	0.863	0.8475	0.896			0.3137	0.3476	0.3305	0.3384	0.3545	0.3276	0.3659	0.3672	0.3851	0.3368	0.3336	0.3375
	14070.951	13992.575	13741.561	4164.227	2356.67	3388.655	14233.628	12984.223	12861.698	14400.424	13991.207	13168.329			0.9159	0.9045	0.8707	0.7334	0.7266	0.7208	1.0196	0.8524	0.8762	0.9219	0.8689	0.8781			0.3347	0.3394	0.3276	0.5298	0.6053	0.54	0.4479	0.344	0.3533	0.3521	0.3404	0.3322
	13889.535	12473.786	12833.232	2485.029	2039.812	1658.949	11448.274	11321.377	11257.87	13358.813	12785.065	14195.837			0.9138	0.8493	0.8709	0.7117	0.7071	0.7271	0.8797	0.9148	0.9004	0.9489	0.9073	1.0529			0.3364	0.3466	0.3524	0.5711	0.586	0.6179	0.415	0.4475	0.4299	0.4029	0.4102	0.4378
	12183.333	12254.987	12374.423	1640.748	1698.624	1718.135	6124.358	5450.984	5752.065	5870.437	5297.519	5491.558			0.8539	0.8458	0.8495	0.7052	0.6979	0.6941	0.974	0.9481	1.0414	0.9848	0.9862	0.9542			0.3372	0.345	0.3527	0.5826	0.5777	0.5705	0.69	0.6865	0.7596	0.7259	0.7332	0.6799
	13502.162	13681.622	12752.44	1850.484	1930.213	1956.475	3249.515	3281.225	3267.886	3434.759	3474.488	3492.136			0.8723	0.867	0.8421	0.673	0.68	0.6771	1.1562	1.1425	1.1463	1.1279	1.1727	1.2587			0.3061	0.3127	0.3239	0.5568	0.5654	0.5626	1.005	0.9109	0.8819	0.9068	0.9325	0.9947
																																								
P679_A_Fluo	1	2	3	4	5	6	7	8	9	10	11	12		P679_A_Abs	1	2	3	4	5	6	7	8	9	10	11	12		P679_A_Abs_Background	1	2	3	4	5	6	7	8	9	10	11	12
	10499.987	9612.187	10014.116	10410.494	9236.689	9958.068	10916.357	10840.696	10892.076	11408.58	11684.967	12116.891			0.8876	0.7925	0.8271	0.8878	0.7953	0.8362	0.8883	0.858	0.864	0.9257	0.933	0.9557			0.397	0.3596	0.3675	0.4123	0.3626	0.3721	0.4151	0.3874	0.388	0.419	0.4107	0.3976
	10360.702	10166.345	11008.095	11404.278	11836.276	12078.362	9211.626	9185.249	8942.426	10373.008	10654.407	11049.077			0.8443	0.8358	0.8483	0.8479	0.8559	0.8661	0.8428	0.8181	0.8195	0.8058	0.8437	0.8637			0.3758	0.3994	0.3923	0.3698	0.3697	0.3681	0.4386	0.4244	0.4395	0.3829	0.4097	0.3958
	10526.279	11297.197	11359.906	11584.782	11848.215	11566.279	8977.702	8629.108	9240.704	9879.302	10418.216	11318.797			0.8427	0.9355	0.9024	0.8747	0.8855	0.8506	0.8122	0.8001	0.8363	0.8025	0.8392	0.9037			0.3759	0.4711	0.4402	0.3961	0.4078	0.3713	0.4341	0.4371	0.4548	0.4028	0.4156	0.421
	10839.608	10238.798	11063.924	10058.263	9028.8	9095.187	8776.14	8673.022	8887.098	10212.521	11065.023	10954.629			0.8361	0.8212	0.8759	0.8337	0.8112	0.7943	0.8091	0.8279	0.8027	0.8203	0.8756	0.8821			0.36	0.4	0.4129	0.4301	0.4449	0.4249	0.4407	0.4662	0.4291	0.4065	0.4263	0.4161
	11174.197	10159.777	10253.703	3643.727	2760.304	2468.968	10098.062	10426.216	10429.695	11481.154	11325.129	12939.21			0.9566	0.8697	0.865	0.7656	0.7364	0.754	0.8438	0.8707	0.864	0.9033	0.8783	1.0426			0.4315	0.4225	0.4222	0.571	0.5809	0.6129	0.4203	0.4317	0.4338	0.4316	0.4083	0.4819
	9993.438	9836.456	9167.566	2472.594	2159.034	2073.063	9517.167	9549.355	9164.43	9724.137	10343.265	11294.062			0.8565	0.8309	0.8184	0.7236	0.7206	0.7186	0.857	0.8626	0.8452	0.8321	0.8628	0.9132			0.3932	0.4086	0.4193	0.5648	0.5801	0.5825	0.4341	0.4455	0.4495	0.4239	0.429	0.4213
	9407.712	8969.034	8403.538	2046.618	1804.198	1783.458	6465.854	6267.964	6824.198	6498.415	6785.33	7306.255			0.859	0.8312	0.8075	0.7128	0.7039	0.7541	0.9424	0.9578	0.9773	1.0168	1.0113	1.0617			0.4134	0.4304	0.4311	0.5785	0.5858	0.6461	0.6309	0.6533	0.6583	0.7279	0.7198	0.7266
	11397.337	10743.22	9774.646	1846.378	1877.806	1821.976	3069.558	3128.961	3198.723	3341.924	3450.397	3591.179			0.8862	0.8736	0.8212	0.6775	0.6831	0.6757	1.1312	1.1223	1.1301	1.1296	1.2058	1.2515			0.3524	0.4043	0.3891	0.5513	0.5645	0.5493	0.8972	0.9118	0.9258	0.9385	1.0254	1.0599
																																								
P679cse_A_Fluo	1	2	3	4	5	6	7	8	9	10	11	12		P679cse_A_Abs	1	2	3	4	5	6	7	8	9	10	11	12		P679cse_A_Abs_Background	1	2	3	4	5	6	7	8	9	10	11	12
	11396.17	11602.921	11310.404	10873.685	11031.937	10666.222	11345.299	10999.454	11048.461	11355.096	11760.948	13327.079			0.9474	0.9416	0.9384	0.8902	0.8866	0.8952	0.922	0.9034	0.9383	0.9254	0.9545	1.0366			0.4148	0.4156	0.4256	0.394	0.3907	0.4076	0.4117	0.4014	0.4347	0.4096	0.4275	0.4291
	11352.493	10863.785	11567.75	14420.806	14370.837	13982.676	9506.204	9626.208	9633.818	11729.577	10828.353	12021.6			0.942	0.9107	0.9069	0.948	0.9354	0.9174	0.8423	0.8392	0.8471	0.9115	0.8541	0.9068			0.4119	0.427	0.4141	0.347	0.3454	0.3317	0.4209	0.4264	0.4103	0.4013	0.3813	0.3748
	11096.689	11359.411	11152.833	13651.338	13484.022	13210.688	8675.907	8635.729	9156.46	9979.745	10584.21	10655.838			0.8555	0.8717	0.8696	0.9154	0.9016	0.8837	0.8226	0.8334	0.8341	0.8308	0.8575	0.8548			0.3573	0.3963	0.3965	0.348	0.3345	0.3399	0.4468	0.4503	0.4478	0.4088	0.4126	0.3837
	10838.403	11472.066	11194.004	10398.502	8716.438	8590.374	9487.222	8951.179	9214.159	10250.657	10105.228	10940.117			0.8295	0.8658	0.8698	0.8873	0.8328	0.789	0.8158	0.8135	0.8277	0.8314	0.8333	0.8633			0.3468	0.39	0.3993	0.4531	0.4671	0.43	0.425	0.4325	0.4338	0.4136	0.403	0.3758
	11649.463	10353.444	10972.27	1840.801	1905.868	1710.606	11208.922	10630.161	11414.529	11148.892	12181.217	12094.882			0.9535	0.8659	0.8852	0.7351	0.7661	0.7245	0.897	0.8665	0.8905	0.8748	0.9238	0.9515			0.4124	0.4152	0.4156	0.6085	0.6519	0.5912	0.4265	0.4083	0.4158	0.4125	0.4089	0.4198
	8726.852	8981.298	8227.845	1636.611	1748.879	1502.211	10342.377	10759.563	10788.023	10648.789	10836.597	11019.046			0.8501	0.8376	0.8589	0.7249	0.7313	0.7459	0.8616	0.8797	0.8825	0.9223	0.957	0.9089			0.4271	0.4399	0.4754	0.5859	0.5966	0.59	0.4172	0.4155	0.4147	0.4753	0.4932	0.399
	9794.378	7194.687	7261.092	1607.712	1615.554	1500.637	5618.245	5577.144	5698.188	3853.429	4728.971	4741.079			0.8613	0.8198	0.8182	0.7144	0.7089	0.7115	0.9302	0.942	0.9393	0.888	0.9087	0.964			0.3871	0.4778	0.4701	0.5795	0.5774	0.5677	0.6411	0.6496	0.6374	0.6603	0.6475	0.6595
	6206.265	4941.239	2609.961	1750.481	1709.864	1747.378	3233.246	3293.762	3331.573	3517.265	3544.639	3583.516			0.966	0.9136	0.8183	0.8461	0.8649	0.79	1.2004	1.3332	1.2716	1.3862	1.294	1.338			0.678	0.7003	0.6735	0.7624	0.7992	0.6894	1.0079	1.1772	1.0686	1.2244	1.0606	1.1301
																																								
P698_A_Fluo	1	2	3	4	5	6	7	8	9	10	11	12		P698_A_Abs	1	2	3	4	5	6	7	8	9	10	11	12		P698_A_Abs_Background	1	2	3	4	5	6	7	8	9	10	11	12
	15635.021	14882.904	15136.87	14854.73	15669.431	14780.319	15483.069	14177.653	14382.966	15042.524	14916.455	14531.218			1.0408	0.9655	0.9642	0.9541	0.9938	0.9428	0.9868	0.9479	0.9398	1.0038	0.9872	0.9606			0.3274	0.32	0.3159	0.3128	0.3257	0.3128	0.3194	0.326	0.3128	0.331	0.3295	0.3085
	14239.998	14966.075	15457.401	16189.98	15614.393	15686.018	13190.97	12999.403	13242.253	14763.345	14700.172	14997.368			0.9157	0.9321	0.949	0.9419	0.9139	0.899	0.8597	0.8774	0.8804	0.8709	0.8705	0.9159			0.2926	0.3113	0.3141	0.2809	0.2782	0.2704	0.3407	0.3593	0.3543	0.2975	0.3005	0.3042
	14865.359	15433.378	15069.183	20692.576	20910.604	20174.219	12859.088	13524.813	12452.317	14276.38	15077.212	14544.306			0.9293	0.9453	0.9255	0.9791	0.9699	0.927	0.842	0.8955	0.8549	0.8583	0.8917	0.8906			0.2942	0.3126	0.3055	0.2781	0.2623	0.2461	0.3486	0.3823	0.3558	0.3132	0.3211	0.3154
	14547.913	14962.675	14828.629	20606.818	20826.088	19828.508	13216.766	13235.306	12843.858	14353.575	14347.313	14680.979			0.8564	0.9094	0.8911	0.9477	0.9385	0.9105	0.8485	0.8637	0.8622	0.8749	0.8655	0.8981			0.2748	0.3039	0.3109	0.2577	0.253	0.2528	0.3432	0.3536	0.3561	0.3213	0.3064	0.2948
	14456.773	15279.344	14474.374	14221	13426.578	10438.625	14837.019	15190.733	14915.114	18841.646	19630.363	19098.775			0.9293	0.918	0.9318	0.9309	0.9674	0.8986	0.9437	0.9536	0.902	0.9823	0.9694	0.97			0.3071	0.3061	0.336	0.3421	0.4138	0.4451	0.3304	0.3339	0.3027	0.3111	0.287	0.2749
	8244.419	9287.463	8338.217	7801.748	5473.629	5710.277	14551.683	14691.668	15181.094	12373.691	12727.146	14420.759			0.8374	0.8218	0.8288	0.833	0.8135	0.7966	0.9389	0.9349	0.9445	0.9226	0.8942	0.9362			0.453	0.4252	0.4512	0.4606	0.5324	0.4971	0.3218	0.3153	0.3056	0.3736	0.3572	0.3159
	7279.011	7995.437	6863.517	5356.744	3876.087	3081.392	6036.155	5731.488	5534.634	4781.464	5154.415	7121.217			0.8305	0.8212	0.8167	0.7744	0.752	0.7403	0.9721	0.9902	0.9473	0.924	0.9007	1.0463			0.4616	0.4419	0.477	0.5036	0.5408	0.5401	0.6296	0.6555	0.6284	0.6791	0.6395	0.683
	10476.318	9471.958	11243.649	2282.855	1943.914	1842.931	3321.843	3388.174	3500.308	3455.095	3565.53	3644.536			0.9905	1.0498	1.054	0.8481	0.8582	0.8302	1.2555	1.3356	1.3278	1.2295	1.2368	1.296			0.4771	0.6094	0.5337	0.7417	0.771	0.7384	1.0373	1.15	1.139	1.0556	1.0688	1.0964
																																								
P698cse_A_Fluo	1	2	3	4	5	6	7	8	9	10	11	12		P698cse_A_Abs	1	2	3	4	5	6	7	8	9	10	11	12		P698cse_A_Abs_Background	1	2	3	4	5	6	7	8	9	10	11	12
	10895.44	10664.779	10949.179	9699.542	9079.939	8276.766	11057.125	11214.425	11490.867	10189.143	11614.975	12727.227			1.0478	1.0275	1.0552	0.972	0.8676	0.9364	1.0016	1.0002	1.075	0.9323	1.0334	1.1136			0.5301	0.5339	0.5494	0.5255	0.4519	0.5547	0.5051	0.4925	0.5479	0.4642	0.497	0.511
	10309.732	11571.902	11699.519	13347.113	13000.948	13401.045	9522.206	9315.294	9953.457	9110.198	9458.422	11150.15			0.905	1.0033	1.018	1.0354	0.9825	1.0184	0.8369	0.8396	0.8789	0.8756	0.9207	0.9525			0.4106	0.4848	0.4992	0.4344	0.3938	0.4345	0.429	0.4421	0.4527	0.4632	0.4979	0.451
	9951.055	9928.118	10616.169	11853.797	9715.857	10624.729	8812.16	8778.968	8727.698	6937.974	7878.41	10128.148			0.8428	0.8562	0.8179	0.8364	0.806	0.8039	0.7734	0.794	0.7786	0.7591	0.8395	0.8637			0.3878	0.4109	0.3971	0.3678	0.4121	0.3683	0.4102	0.4309	0.4166	0.4578	0.4472	0.4038
	8459.521	10453.916	11070.888	3204.45	2539.113	2661.394	9369.347	9833.87	10151.275	7940.665	8305.021	10443.952			0.7142	0.8665	0.8228	0.7285	0.7123	0.6973	0.8386	0.8797	0.8882	0.9094	1.0097	1.0154			0.2993	0.408	0.3743	0.5636	0.5789	0.5562	0.4441	0.4651	0.4672	0.5863	0.6177	0.5441
	10682.399	10600.332	10058.767	1878.667	1935.513	1943.789	11524.903	11474.566	11810.311	6270.955	5521.901	9134.52			0.8951	0.8924	0.8395	0.7033	0.7283	0.7277	0.8765	0.8695	0.8837	0.8937	0.8613	0.9561			0.3975	0.4158	0.4039	0.5985	0.6149	0.6206	0.3837	0.3795	0.3851	0.6251	0.5973	0.5407
	7990.151	7026.131	7591.202	1730.429	1755.56	1866.279	11025.838	10987.658	11339.114	5683.033	5216.323	7184.443			0.832	0.7846	0.783	0.6933	0.6802	0.6866	0.8681	0.8622	0.8772	0.7814	0.8456	0.8687			0.4389	0.4642	0.4419	0.5822	0.5755	0.5799	0.3906	0.3936	0.4035	0.5278	0.5845	0.512
	6202.438	5575.392	4160.497	1737.329	1719.387	1658.188	5712.62	5703.443	5527.166	3401.212	3422.895	3970.169			0.8042	0.7875	0.75	0.7602	0.7682	0.7104	1.0295	1.1258	1.0951	1.0623	0.9963	0.9437			0.479	0.4984	0.5229	0.5986	0.5837	0.5732	0.7485	0.821	0.7959	0.8635	0.8028	0.7104
	2511.608	1874.274	1909.095	1839.814	1847.552	1839.451	3209.923	3288.838	3286.517	3378.051	3486.033	3452.304			0.8436	0.8613	0.7691	0.7988	0.8056	0.7227	1.2267	1.2223	1.2045	1.1045	1.1756	1.1538			0.6766	0.7527	0.6345	0.713	0.7199	0.6067	0.9411	0.9828	1.0045	0.9138	1.0109	0.9393
