A1_Fluo	1	2	3	4	5	6	7	8	9	10	11	12		A1_Abs	1	2	3	4	5	6	7	8	9	10	11	12		A1_Abs_Background	1	2	3	4	5	6	7	8	9	10	11	12
	16644.141	19367.51	16293.702	14695.817	15966.473	16234.846	14472.147	14756.862	15683.251	13430.156	12855.051	14069.66			1.0936	1.1172	1.0799	1.0735	1.1462	1.1356	1.0825	1.0831	1.1655	1.0725	1.0404	1.1338			0.3071	0.3252	0.3317	0.3946	0.3901	0.3707	0.411	0.4194	0.4352	0.4693	0.4598	0.4636
	19112.572	18407.961	20507.533	15578.183	14745.281	15258.048	15090.9	15335.313	16568.543	13561.952	14136.155	13780.525			1.1082	1.1043	1.1867	1.1196	1.1007	1.1177	1.1371	1.1	1.1745	1.0495	1.025	1.0526			0.3436	0.3901	0.3931	0.4271	0.395	0.4399	0.4566	0.4442	0.4186	0.4677	0.4478	0.4196
	14736.301	14598.863	15235.431	14216.003	14036.275	13375.645	12767.061	12991.74	12991.471	11606.678	10698.985	12994.491			1.1085	1.0635	1.1379	1.103	1.0921	1.1407	1.093	1.0785	1.0381	1.0454	0.9487	1.0869			0.4354	0.4232	0.4509	0.4766	0.4738	0.533	0.5278	0.5071	0.4805	0.545	0.5036	0.4874
	11034.271	9110.523	9262.748	4550.574	6474.45	6774.799	3654.696	3546.168	3956.947	3347.06	3999.246	5337.395			0.9796	0.9431	0.9863	0.9048	0.9713	0.9976	0.8946	0.9067	0.9118	0.8816	0.835	0.9105			0.4918	0.5463	0.5921	0.6991	0.6937	0.7071	0.7428	0.758	0.7255	0.7556	0.6741	0.6608
	4452.601	3199.19	2516.268	2442.928	2325.915	2416.878	2424.825	3293.188	3493.752	2251.903	2439.575	2953.472			0.8536	0.8582	0.833	0.8406	0.8709	0.9283	0.8644	0.9803	0.8611	0.8311	0.8147	0.8916			0.655	0.7017	0.7004	0.7315	0.7521	0.8353	0.748	0.868	0.7121	0.7069	0.7249	0.787
	2650.592	2567.318	2604.312	2453.263	2627.235	2536.248	2695.625	2562.622	2712.937	2515.711	3126.023	3043.985			0.7606	0.7694	0.8032	0.8284	0.8332	0.9085	0.8251	0.8284	0.8409	0.7859	0.8266	0.8248			0.6778	0.663	0.6972	0.7501	0.7339	0.849	0.7393	0.7499	0.7555	0.6775	0.7448	0.7379
	3235.415	3124.743	3193.053	3365.213	3407.712	3155.205	3543.351	3266.46	3326.17	3459.571	3717.502	3506.555			0.7626	0.7617	0.7979	0.7648	0.8301	0.801	0.7489	0.793	0.7724	0.7522	0.7185	0.7553			0.7153	0.6906	0.7414	0.7097	0.7831	0.7477	0.6811	0.7329	0.7063	0.6847	0.6403	0.6898
	4319.44	4245.671	4140.604	4367.22	4298.823	4156.619	4204.087	4214.358	4221.159	4514.913	4409.875	4419.752			0.6521	0.6705	0.6955	0.6873	0.7086	0.7505	0.6798	0.7234	0.7028	0.635	0.7084	0.7229			0.6364	0.6509	0.6848	0.6835	0.7002	0.7607	0.6932	0.7291	0.6945	0.6244	0.7157	0.7337
																																								
A2_Fluo	1	2	3	4	5	6	7	8	9	10	11	12		A2_Abs	1	2	3	4	5	6	7	8	9	10	11	12		A2_Abs_Background	1	2	3	4	5	6	7	8	9	10	11	12
	13720.241	12452.603	13346.153	12021.825	12013.077	11642.73	12102.604	12050.659	12072.792	11120.001	10893.622	11275.541			1.0992	1.0653	1.0633	1.0428	1.0718	1.1266	1.0928	1.0941	1.1107	1.0204	1.0394	1.0888			0.3875	0.4394	0.3974	0.4486	0.4614	0.5026	0.4804	0.4645	0.4856	0.4857	0.494	0.4953
	12681.429	12352.371	12851.7	11773.236	12166.136	12527.743	12187.713	12092.287	12235.443	11322.098	10732.655	11305.291			1.0571	1.0543	1.0401	1.0259	1.0398	1.0673	1.0433	1.0282	1.0334	1.0035	0.9937	1.0296			0.4266	0.4393	0.4294	0.4495	0.4522	0.4638	0.4562	0.4548	0.4576	0.4612	0.4792	0.4697
	12176.248	11733.181	11411.279	11946.96	11826.238	12442.3	11027.001	11204.929	12126.968	9893.431	9394.123	10471.522			1.0373	1.0013	0.9943	1.0181	1.03	1.043	1.0432	1.0103	1.0028	0.9567	0.9122	0.9884			0.4365	0.4349	0.4419	0.4513	0.4704	0.4523	0.521	0.4891	0.4688	0.4886	0.4707	0.4784
	8928.354	8700.854	8625.209	5170.312	5588.446	9329.525	6654.09	7438.624	6029.083	4078.465	4081.545	6843.102			0.9394	0.9458	0.9014	0.8436	0.8762	0.961	0.9051	0.894	0.869	0.8497	0.7424	1.0115			0.5066	0.505	0.5029	0.5965	0.6041	0.5237	0.5757	0.5461	0.5808	0.6099	0.4968	0.6842
	5061.632	3145.961	3457.872	3291.994	3997.285	3698.245	3313.662	3699.159	4062.155	2879.326	2411.307	3383.512			0.8983	0.833	0.8387	0.836	0.8608	0.8783	0.8329	0.8368	0.8745	0.8271	0.8251	0.8544			0.6301	0.6358	0.6399	0.6781	0.6516	0.6893	0.6631	0.6501	0.6573	0.649	0.6799	0.6655
	2566.26	2426.071	2550.547	2501.288	2507.584	2482.918	2438.435	2608.731	2604.118	2622.49	2349.523	2816.352			0.8066	0.8003	0.7883	0.7731	0.7905	0.8041	0.7826	0.8056	0.7984	0.8028	0.8555	0.8265			0.6842	0.659	0.6528	0.6567	0.6618	0.6848	0.6597	0.6845	0.6743	0.6698	0.7386	0.7107
	3287.104	3192.245	3079.069	3200.581	3067.354	3120.489	3181.335	3164.542	3162.16	3130.17	3195.909	3461.496			0.7381	0.7441	0.7563	0.7557	0.7511	0.7736	0.7353	0.7899	0.7517	0.7368	0.7405	0.7557			0.6471	0.6297	0.6555	0.6585	0.6525	0.6779	0.6518	0.713	0.6635	0.6456	0.6407	0.6689
	4360.572	4306.205	4191.038	4234.179	4271.494	4252.484	4262.739	4266.756	4277.563	4292.87	4334.892	4423.457			0.6968	0.6651	0.6626	0.6585	0.679	0.6747	0.6677	0.6851	0.6558	0.6432	0.6682	0.676			0.6859	0.6166	0.6218	0.622	0.6426	0.6411	0.639	0.6558	0.6192	0.6018	0.6351	0.644
																																								
A3_Fluo	1	2	3	4	5	6	7	8	9	10	11	12		A3_Abs	1	2	3	4	5	6	7	8	9	10	11	12		A3_Abs_Background	1	2	3	4	5	6	7	8	9	10	11	12
	16242.864	15225.143	15635.489	13003.935	13142.26	13258.702	14078.63	14171.472	14387.163	12059.8	12081.231	12299.966			1.0562	1.0044	1.0155	0.9846	0.9924	1.0014	1.0179	1.0108	0.9974	0.9302	0.9389	0.958			0.3023	0.3239	0.3137	0.4076	0.3904	0.391	0.3905	0.3815	0.3599	0.4108	0.4138	0.4038
	19591.67	20038.121	21225.977	15737.885	15451.925	19405.219	15266.291	15530.15	14455.598	13570.896	13746.201	13564.96			1.2099	1.1855	1.1445	1.1005	1.1218	1.2644	1.0467	1.1091	0.9881	1.0305	1.0005	1.0942			0.3873	0.3683	0.3547	0.4336	0.4214	0.5083	0.4205	0.439	0.3888	0.4407	0.4484	0.4942
	14163.304	13903.016	14869.205	13586.926	13232.008	13602.494	13766.443	13444.629	13862.789	12250.42	12913.914	11966.562			1.0094	0.9835	1.0107	0.9794	0.9809	1.0009	0.9867	0.9971	0.9854	0.9495	0.9367	0.9522			0.3691	0.3853	0.3827	0.4085	0.4131	0.4158	0.4152	0.4272	0.4209	0.4424	0.4438	0.4307
	16098.955	14721.518	14185.618	12221.803	12143.242	12908.856	11529.565	13121.443	12822.816	10289.287	11940.422	11804.829			1.2408	1.037	0.9906	0.9985	0.9543	1.0007	0.9331	0.979	0.9492	0.9387	0.9445	0.9719			0.4628	0.4052	0.3965	0.4601	0.4345	0.4453	0.4474	0.4277	0.4114	0.4763	0.4831	0.4564
	5304.052	5155.678	5000.363	3378.17	3945.114	3689.932	3007.658	3217.44	3441.448	3353.098	3367.582	3971.634			0.8615	0.844	0.8612	0.8166	0.8521	0.8437	0.8321	0.8341	0.8474	0.8166	0.8051	0.8134			0.6226	0.5992	0.6119	0.6349	0.6447	0.6731	0.657	0.6656	0.6624	0.6465	0.6752	0.6319
	2711.222	2726.037	2634.279	2592.9	2495.716	2532.614	2604.043	2569.767	2580.133	2880.67	2916.999	3019.059			0.7639	0.7765	0.7912	0.7746	0.7661	0.7952	0.7217	0.789	0.7807	0.7356	0.7419	0.7532			0.6549	0.6608	0.6594	0.6503	0.6385	0.6661	0.6356	0.6767	0.6591	0.655	0.6401	0.6527
	3330.101	3336.456	3441.974	3338.396	3346.506	3415.925	3335.524	3376.45	3352.477	3423.812	3371.085	3721.845			0.7125	0.7273	0.7297	0.7112	0.7204	0.7334	0.7362	0.7333	0.6997	0.6974	0.7212	0.6847			0.6283	0.6438	0.6419	0.6312	0.627	0.6475	0.6607	0.6513	0.608	0.6179	0.6328	0.5933
	4385.76	4129.1	4308.943	4523.577	4568.001	4556.369	4503.825	4475.074	4525.07	4469.477	4576.355	4649.04			0.738	0.818	0.739	0.6424	0.6352	0.6423	0.6187	0.6406	0.63	0.6351	0.6359	0.6341			0.7423	0.8481	0.7417	0.6178	0.5986	0.6091	0.5923	0.6151	0.6013	0.6143	0.6114	0.6077
																												